---
startPose:
  x: 0.0
  y: 0.0
  heading: 3.141592653589793
startTangent: 2.356194490192345
waypoints:
- position:
    x: -10.0
    y: 15.0
  heading: 0.0
  tangent: 1.5707963267948966
  interpolationType: "CONSTANT"
resolution: 0.25
version: 1
