---
startPose:
  x: -10.0
  y: 15.0
  heading: 3.141592653589793
startTangent: 1.5707963267948966
waypoints:
- position:
    x: -10.0
    y: 35.0
  heading: 0.0
  tangent: -1.5707963267948966
  interpolationType: "CONSTANT"
resolution: 0.25
version: 1
